1
3
13
0.740219 0.066372 0.001792 -0.026553 -0.048357 0.005989 -0.034035 0.020707 -0.023050 0.019491 -0.001503 -0.007507 0.002977 
0.216009 0.941019 0.005531 -0.021693 0.024401 -0.037948 -0.026678 -0.008204 0.021270 -0.011630 0.037412 0.001144 -0.016177 
0.078008 0.044776 0.903758 0.092412 -0.020794 0.066304 -0.041075 0.022617 0.015651 0.063768 -0.000830 0.065756 -0.006487 
0.017749 0.077378 0.054175 0.773819 0.014671 0.012267 0.016772 0.013506 0.001459 0.018763 -0.041640 0.043656 0.006607 
-0.060234 0.037896 0.057446 0.057377 0.784884 0.078658 0.028350 0.051976 0.007002 -0.034113 -0.016253 -0.036710 0.016697 
0.007137 -0.001400 0.015790 -0.011387 0.009614 0.756487 0.101762 -0.027012 0.006138 -0.064173 -0.031190 0.062144 -0.067750 
0.005064 0.044748 -0.035896 -0.012875 0.028785 0.065494 0.818736 0.069783 -0.056174 -0.059739 -0.033468 0.004785 -0.023331 
0.125114 0.009143 -0.026302 -0.009595 0.028108 0.000961 0.054245 0.822127 0.033624 -0.041006 -0.001035 0.022612 -0.034345 
-0.079506 0.025013 -0.018202 -0.019042 -0.010690 0.026165 -0.051309 0.049486 0.827292 0.035132 0.014034 -0.004208 0.021810 
0.087024 -0.033300 0.044116 -0.034375 -0.046741 -0.066417 -0.017337 0.016623 0.036500 0.950952 0.004891 -0.032515 0.020346 
-0.108971 0.048161 -0.004443 -0.022488 -0.014817 -0.030438 -0.048089 0.018291 0.014322 -0.019940 0.930652 -0.064943 -0.035603 
0.088338 -0.039564 0.035744 -0.006214 -0.039445 -0.012436 -0.050400 0.026509 0.001138 0.022579 -0.098359 1.009923 -0.019531 
-0.067911 -0.018257 -0.031080 -0.005467 0.013113 -0.040870 0.012942 -0.050094 0.027021 0.028871 0.026714 -0.104579 0.902487 
1.495327 2.597263 -0.422220 0.631876 -0.602294 -0.341876 0.168788 0.195537 -0.217588 0.090684 0.203258 -0.110685 -0.233750 
1.0 1.0 1.0 1.0 1.0 1.0 1.0 1.0 1.0 1.0 1.0 1.0 1.0 
13
0.870117 0.013126 0.000193 -0.001822 -0.020398 0.013551 -0.004788 0.006841 0.002866 -0.001939 -0.013102 0.008795 -0.007042 
0.220220 0.992110 -0.009072 -0.062470 0.022190 0.012821 -0.011528 -0.019186 0.016847 -0.030375 0.019491 -0.031894 0.021453 
0.037354 0.016562 0.952579 0.090228 -0.024198 0.029567 -0.055804 0.022223 0.003927 0.015210 -0.000589 0.007659 -0.025503 
0.019458 0.022962 0.007264 0.874543 0.044756 0.042996 0.006629 0.009205 -0.011207 0.012383 -0.024319 0.000555 0.010760 
-0.121054 0.031033 0.018091 0.044735 0.859083 0.040105 -0.017833 0.031168 0.009116 -0.003913 0.002638 -0.027785 -0.007197 
-0.014145 0.012483 -0.014208 -0.036466 -0.007786 0.808941 0.110397 -0.032247 0.024966 -0.042842 -0.020683 0.008103 -0.034672 
0.007906 0.000675 -0.062063 -0.044040 0.005814 0.040198 0.859104 0.066405 -0.018816 -0.050381 0.007964 -0.016795 0.005337 
0.245304 0.002271 -0.051708 -0.023146 0.054849 0.003078 0.048992 0.869457 0.054948 -0.030460 -0.007347 0.013693 0.004186 
-0.080217 0.065975 0.025616 -0.048132 0.011869 0.008098 -0.025759 0.013840 0.920521 0.025509 0.010607 -0.037215 0.036263 
0.101406 -0.087182 -0.005033 0.033821 -0.050817 -0.008415 -0.017046 0.005103 -0.013413 0.994422 -0.002299 -0.001608 -0.029786 
-0.081789 0.054760 -0.005196 -0.037573 0.023995 -0.025680 -0.013877 -0.015097 0.012394 -0.045329 1.026553 -0.046941 0.003610 
0.059383 -0.091585 0.032969 0.040413 -0.063285 0.034629 -0.047333 0.009841 -0.012599 0.033003 -0.064411 1.058739 -0.007164 
-0.049100 0.010438 -0.040821 -0.002064 0.004911 -0.043494 0.033271 -0.039287 0.015762 -0.005614 0.027976 -0.056008 0.997046 
-0.178165 0.071568 0.162266 0.198485 0.204968 0.027655 -0.060487 0.031410 0.077621 0.035610 0.047161 -0.073376 0.062329 
1.0 1.0 1.0 1.0 1.0 1.0 1.0 1.0 1.0 1.0 1.0 1.0 1.0 
13
0.893503 0.044465 -0.021698 -0.011051 -0.028863 0.014759 -0.007579 0.009478 -0.006260 0.003199 -0.013635 0.006193 -0.008975 
0.192691 1.003809 -0.013180 -0.044367 0.001571 -0.011017 -0.000689 -0.014459 0.009297 -0.024907 0.016823 -0.031938 0.010738 
-0.070820 0.004324 1.000747 0.068729 -0.043602 -0.011964 -0.049312 0.006280 -0.010032 0.003670 -0.006525 0.009658 -0.042825 
-0.007463 -0.008811 0.020518 0.961001 0.036518 0.001364 0.006793 0.005139 -0.002634 0.012345 -0.020684 0.001132 -0.007959 
-0.070334 0.019237 -0.006381 0.036759 0.934768 0.045541 -0.012147 0.026586 0.003873 -0.008395 0.010340 -0.018561 0.003354 
0.021453 -0.013174 -0.049236 -0.030267 0.016640 0.916467 0.072024 0.002159 0.002796 -0.009332 -0.019356 0.015649 -0.021085 
0.011269 0.011952 -0.054593 -0.037986 -0.004762 0.047625 0.932000 0.035776 0.002773 -0.020556 0.002953 -0.005500 0.010374 
0.178619 0.008277 -0.042055 -0.013961 0.020775 0.015524 0.036640 0.948038 0.021942 0.012831 -0.015431 0.018098 0.006169 
-0.052430 0.061015 -0.007614 -0.023034 0.009460 -0.000529 0.005025 0.006674 0.991011 0.000772 0.019872 -0.023321 0.022735 
0.063430 -0.071076 -0.008427 0.030672 -0.036938 0.021297 -0.032883 0.022562 -0.008532 1.033820 -0.011348 0.009813 -0.015311 
-0.066641 0.034165 -0.031871 -0.010429 0.026028 -0.024957 -0.001520 -0.010224 0.008248 -0.011660 1.035354 -0.011462 -0.002276 
0.035797 -0.104607 0.054250 0.016633 -0.053180 0.028657 -0.029501 0.027113 -0.012835 0.016857 -0.031884 1.068046 0.010809 
-0.018370 0.028752 -0.069564 -0.001939 0.011640 -0.019581 0.027808 -0.027463 0.025462 -0.012571 0.027442 -0.021626 1.044094 
-0.309621 -0.467760 -0.028408 -0.166614 0.215468 0.137338 -0.122050 -0.266266 -0.031027 -0.034228 -0.113598 0.004433 -0.047089 
1.0 1.0 1.0 1.0 1.0 1.0 1.0 1.0 1.0 1.0 1.0 1.0 1.0 
