1
3
13
0.983156 0.021529 0.011851 0.025049 -0.009308 0.020936 -0.007239 -0.001854 -0.016476 0.027603 -0.000058 -0.013221 0.010383 
-0.006981 0.907048 0.055785 -0.056240 0.063286 -0.015625 0.078452 -0.025057 0.007487 -0.037573 0.008883 -0.030550 0.042760 
0.072672 0.010483 0.888110 0.059385 0.015688 0.026820 -0.013491 0.040520 0.019816 0.014200 0.019777 -0.018434 0.012245 
-0.005394 -0.021760 0.033278 0.913686 0.039998 0.023818 0.052881 -0.040182 0.023954 0.054760 0.003827 0.003818 0.015316 
-0.017793 -0.005275 0.001148 -0.002828 0.933830 0.045904 -0.000709 0.003476 0.044744 -0.013196 -0.008085 0.048587 -0.036082 
0.110287 -0.014144 0.007260 0.011568 0.056642 0.900670 0.032081 0.013551 0.004500 0.016072 -0.015439 0.027193 0.040894 
-0.097193 -0.013918 0.017030 0.030005 0.023219 -0.006411 0.974863 0.021478 -0.020442 0.006106 0.028795 -0.009358 -0.003010 
0.029000 0.027731 -0.000219 -0.001796 -0.016873 0.019109 0.001316 0.968558 0.060046 0.021362 0.012036 -0.048562 -0.009003 
-0.006965 -0.026954 0.017386 -0.011901 0.030620 0.012265 0.021478 0.020347 0.951262 0.109207 -0.022370 0.023705 -0.019489 
0.066441 0.013910 -0.055262 0.021160 0.066431 -0.016106 -0.039559 -0.024095 0.055768 0.918894 0.018456 -0.027229 0.033838 
0.032828 0.000168 0.021507 -0.059507 -0.007647 -0.011784 0.068734 0.021491 -0.005059 -0.019951 0.953265 0.032890 -0.010606 
0.008850 -0.043359 -0.003476 0.026889 0.021579 0.021617 -0.003970 0.014309 -0.016585 0.011802 -0.030936 0.949614 0.014672 
0.045222 0.017692 0.001176 -0.025861 0.049612 0.001188 -0.007346 -0.017430 0.032014 -0.009209 0.002682 -0.041766 0.972741 
-0.254520 -0.620765 -0.356804 -0.084455 0.145284 -0.258681 -0.277673 -0.112323 0.087079 -0.097081 -0.136753 -0.294827 -0.031165 
1.0 1.0 1.0 1.0 1.0 1.0 1.0 1.0 1.0 1.0 1.0 1.0 1.0 
13
1.011368 0.005076 0.010408 0.007973 -0.014294 0.006467 -0.002769 0.009283 -0.007335 0.000471 0.002634 -0.003866 0.006568 
-0.029784 0.990224 0.049784 -0.015987 0.000322 -0.021770 0.033356 -0.025170 0.008249 -0.003946 0.007168 -0.023935 0.008629 
0.030404 0.011756 1.000846 0.039281 0.002512 0.000050 -0.027630 -0.003378 0.024164 -0.026270 0.019002 -0.022417 0.000600 
-0.055418 -0.012765 0.036461 0.987377 0.057593 -0.021403 0.022068 -0.041365 0.005603 0.007993 0.005319 -0.017703 0.008264 
-0.063759 -0.021168 0.007061 0.019381 0.973048 0.015675 0.007080 -0.020294 0.000370 0.008789 -0.013817 0.003569 -0.019889 
0.014279 -0.002617 0.013929 0.020971 0.010545 0.978907 0.049489 -0.010972 -0.007522 0.001463 0.004769 -0.009015 0.022841 
-0.087547 0.007058 0.011792 -0.014543 0.018227 0.012950 1.003939 0.005990 0.007590 -0.006649 0.020566 -0.001410 -0.005262 
0.013546 0.015706 0.021658 -0.014994 -0.020994 0.022075 0.000025 0.964055 0.047478 -0.005385 0.014179 -0.011528 -0.003608 
-0.062257 -0.001781 0.010886 -0.022486 0.021360 -0.003826 0.003270 0.028562 0.953482 0.061941 0.000455 0.012061 -0.020786 
0.038114 0.002254 -0.028230 0.032982 0.036767 -0.000993 -0.028658 -0.013329 0.051448 0.927367 0.043163 -0.019048 0.020891 
0.037924 0.002553 0.017858 -0.064028 -0.007257 -0.019752 0.060264 -0.011685 0.035126 -0.013687 0.965789 0.039680 -0.004639 
-0.047931 -0.013487 0.012062 0.019994 -0.008211 0.030454 -0.028912 0.002849 -0.033520 0.037451 -0.015857 0.967687 0.010789 
-0.034208 0.051567 -0.002404 0.008145 0.040337 -0.011765 -0.012397 -0.020101 0.048157 -0.035766 0.042061 -0.049124 1.010364 
-0.034074 -0.063513 0.038041 0.123034 0.057226 0.010806 -0.005334 0.011853 -0.018108 -0.050624 0.020006 0.040111 -0.119239 
1.0 1.0 1.0 1.0 1.0 1.0 1.0 1.0 1.0 1.0 1.0 1.0 1.0 
13
0.992471 0.004695 0.007890 -0.000628 -0.019031 0.001753 0.000135 0.005378 -0.012814 0.005811 0.001594 -0.004359 0.003062 
-0.000578 1.025620 0.029147 -0.015229 0.000491 -0.015637 0.015444 -0.021418 0.000390 -0.003167 0.003654 -0.015170 0.002088 
0.021452 0.026479 1.024735 0.028344 0.004183 -0.005791 -0.023559 0.004930 0.007186 -0.009242 0.009035 -0.018458 0.013131 
-0.044318 -0.011614 0.037685 0.993897 0.052474 -0.030664 0.024182 -0.020221 -0.011381 0.012633 -0.013343 -0.004516 -0.002843 
-0.032559 -0.030841 -0.001440 0.028581 0.992356 0.021947 0.003702 -0.004016 0.001699 -0.006230 -0.010612 0.015267 -0.020143 
0.039127 0.001304 0.021385 0.001327 0.021194 0.992290 0.042825 0.003249 -0.014645 0.005416 -0.004493 -0.003087 0.018263 
-0.078935 0.017253 0.000732 0.001241 0.002456 0.026232 1.007192 0.017222 0.008183 -0.004179 0.011681 -0.002063 0.002874 
-0.019787 0.013212 0.010777 -0.003991 -0.019127 0.023357 0.019274 0.972343 0.050541 -0.010886 0.014949 -0.010084 0.013042 
-0.053582 -0.025175 0.023510 -0.020209 0.025043 -0.015547 0.005194 0.043440 0.979471 0.047905 0.002525 -0.000998 -0.013042 
0.028381 0.008505 -0.015185 0.035111 0.001130 0.011202 -0.005308 -0.023708 0.053437 0.971380 0.033593 -0.005312 0.021657 
0.004176 0.017929 0.007448 -0.053790 0.020444 -0.020564 0.031181 0.003281 0.024746 0.008739 0.997293 0.027080 0.020482 
0.013565 -0.022893 -0.004149 0.010266 0.000547 0.014825 -0.020158 -0.002113 -0.018524 0.022152 -0.005544 1.007017 -0.014108 
-0.023326 0.044838 0.015093 0.007863 0.024810 0.001979 0.004903 -0.016541 0.014742 -0.008827 0.028770 -0.018834 1.032211 
-0.028500 -0.048055 0.014959 0.068086 0.017041 -0.026137 0.061128 0.008347 0.004475 0.062642 -0.020131 0.142885 -0.063046 
1.0 1.0 1.0 1.0 1.0 1.0 1.0 1.0 1.0 1.0 1.0 1.0 1.0 
