1
3
13
0.455463 0.030677 0.000123 0.017744 -0.130071 -0.020446 -0.028177 -0.051984 0.003978 -0.032259 0.053817 -0.045723 0.006377 
0.232606 0.808786 -0.000084 -0.044384 -0.011678 -0.033603 0.017737 -0.012793 -0.081302 0.005147 -0.014981 0.008330 -0.033750 
0.226449 0.055317 0.692543 0.000261 0.038588 -0.052392 -0.039978 0.030241 0.034902 -0.074214 0.019854 -0.018702 -0.051048 
0.056100 0.008625 0.081619 0.788890 0.060722 -0.044974 -0.016111 -0.006025 -0.031390 0.048515 0.042351 -0.041240 0.020494 
-0.102701 0.052211 0.029589 0.066216 0.696066 0.065407 -0.024390 0.055904 -0.003652 0.021953 -0.084785 0.096943 -0.074639 
0.166907 -0.033550 0.013565 0.069967 0.017641 0.666706 0.049402 0.055774 -0.007685 -0.034790 0.026474 0.022418 0.048735 
-0.030692 0.045948 -0.037737 -0.024652 0.078774 0.028476 0.699390 0.014005 -0.039819 0.024684 -0.058033 0.040609 0.065484 
-0.108204 -0.018791 0.125921 -0.031932 -0.044100 0.052426 -0.012342 0.697218 0.067996 -0.046161 0.020072 -0.121349 0.035581 
-0.063148 -0.086570 0.046746 0.036657 0.013324 -0.005270 0.010273 0.089714 0.720981 0.180694 -0.154524 0.138363 -0.247421 
0.057632 0.105804 -0.130493 -0.014423 0.024333 -0.030707 0.042159 -0.025207 0.094328 0.689016 0.071503 -0.002549 -0.057519 
0.079031 -0.124418 0.002731 -0.043318 -0.052830 0.043783 0.015400 0.005981 -0.025609 0.057390 0.724800 0.044226 0.049833 
-0.136185 0.159121 -0.154223 -0.026471 0.003546 0.072330 -0.018339 -0.003003 -0.024111 -0.033014 -0.107743 0.869059 0.082906 
0.197866 -0.135694 0.106523 -0.030434 -0.085318 -0.046723 0.005944 -0.065443 0.015256 -0.099456 0.161006 -0.127470 0.855354 
2.665574 2.778730 1.953961 1.862249 -0.473240 0.737724 -0.673415 -1.133727 -0.557959 0.109313 0.038127 -0.817811 0.975178 
1.0 1.0 1.0 1.0 1.0 1.0 1.0 1.0 1.0 1.0 1.0 1.0 1.0 
13
0.833413 0.049342 0.009328 0.032879 -0.072313 0.031282 -0.010163 0.004023 -0.012688 -0.000418 0.018803 -0.019430 0.019243 
0.254254 0.897314 -0.018519 -0.001521 -0.031302 -0.052247 0.061874 -0.041617 -0.014049 0.016359 -0.052821 0.052748 -0.059702 
0.317699 0.104696 0.887888 0.014763 0.028825 -0.031426 -0.042228 0.023028 0.015818 -0.055484 0.042363 -0.027341 -0.017773 
0.030653 -0.031633 0.051373 0.923281 0.075980 -0.041527 -0.051800 0.026623 -0.055279 0.065405 -0.044632 0.028349 -0.061545 
-0.260301 0.041870 0.067492 0.085487 0.816721 0.059185 0.017272 -0.029697 0.012267 -0.011981 -0.023799 0.059628 -0.090881 
0.255372 -0.078593 0.017844 0.014392 0.070755 0.855756 0.030505 0.051491 -0.056588 -0.020031 0.031423 -0.048671 0.080850 
-0.126668 0.072202 -0.057900 -0.044787 0.062252 0.000682 0.858202 0.041094 -0.007428 0.017194 0.002019 -0.019205 0.050988 
-0.191571 -0.047849 0.054231 -0.069378 -0.024366 0.033181 0.012531 0.764894 0.136777 -0.108614 0.085930 -0.102650 0.074017 
-0.248955 -0.137930 0.038582 -0.028109 0.058887 -0.043930 -0.001938 0.045613 0.815306 0.113641 -0.092304 0.101245 -0.164673 
0.157464 0.106914 -0.125887 -0.041946 -0.016226 -0.010787 0.045616 -0.065078 0.085393 0.823029 0.080888 -0.004036 -0.050543 
0.283058 -0.066334 0.054118 -0.104016 -0.065860 0.067844 -0.043750 0.072591 -0.052355 0.020339 0.880967 0.084309 -0.023426 
-0.352308 0.163656 -0.097998 0.019527 0.006045 -0.018343 0.077780 -0.113111 0.039850 0.018080 -0.032222 0.920064 0.040353 
0.442643 -0.127507 0.014893 -0.035890 -0.049037 0.008881 -0.040424 0.023273 -0.013487 -0.117085 0.074719 -0.098196 1.042019 
0.177095 0.108574 0.165160 0.045684 0.082022 0.135910 -0.098814 -0.074351 -0.070833 0.053271 0.026910 -0.057918 0.149431 
1.0 1.0 1.0 1.0 1.0 1.0 1.0 1.0 1.0 1.0 1.0 1.0 1.0 
13
0.906310 0.083454 0.009605 0.013335 -0.060147 0.023835 -0.006953 0.013216 -0.023863 0.007720 0.015542 -0.021570 0.019447 
0.296568 0.968623 0.021056 -0.030805 -0.020442 -0.027404 0.036510 -0.042175 -0.005716 0.012991 -0.031588 0.042620 -0.049338 
0.283452 0.126299 0.941587 0.051485 0.012021 -0.010159 -0.064900 0.022966 0.023088 -0.050926 0.022446 -0.020891 0.006106 
-0.050294 -0.068921 0.064658 0.983475 0.097063 -0.073545 -0.018612 0.027626 -0.064709 0.056454 -0.027584 0.000239 -0.015894 
-0.358460 0.018756 0.003217 0.119039 0.889720 0.048175 0.006333 -0.034880 0.031576 -0.047650 0.014913 0.020727 -0.045484 
0.291782 -0.042725 0.015471 -0.040227 0.077434 0.888536 0.039603 -0.004590 -0.015797 -0.030531 0.009596 -0.016706 0.042692 
-0.108871 0.066896 -0.050678 -0.061114 0.049404 -0.002280 0.925017 0.007512 0.002254 0.020195 -0.002233 -0.001506 0.005598 
-0.120443 -0.038776 0.000591 -0.023077 -0.040546 0.014286 0.026010 0.862974 0.053094 -0.039832 0.038485 -0.068822 0.056433 
-0.273824 -0.131676 0.050211 -0.027425 0.075376 -0.064450 0.000885 0.032834 0.907303 0.038702 -0.042692 0.049093 -0.090465 
0.107497 0.082552 -0.116382 -0.002962 -0.041861 -0.021308 0.057744 -0.061458 0.042395 0.924147 0.013530 0.009280 -0.014189 
0.268895 -0.055880 0.059179 -0.084497 -0.013581 0.027410 -0.042468 0.049496 -0.024668 -0.003661 0.955872 0.001199 0.020118 
-0.392573 0.136849 -0.042438 0.008718 0.021162 -0.001238 0.058676 -0.092361 0.028715 0.031786 -0.041562 0.989660 -0.056024 
0.460466 -0.112987 0.065282 -0.030053 -0.086175 0.008666 -0.039036 0.058583 -0.045842 -0.060835 0.058215 -0.068805 1.043281 
-0.074957 -0.241040 -0.039162 -0.088699 -0.052526 0.014594 0.125797 0.240718 0.044382 -0.084607 -0.031226 0.034738 -0.100297 
1.0 1.0 1.0 1.0 1.0 1.0 1.0 1.0 1.0 1.0 1.0 1.0 1.0 
